40.010063438838394, -105.25692895339907	39.996147972794255, -105.08389780879804	40.16930081037847, -105.0974602971065			40.166636730658766, -105.12096772489976	40.16930081037847, -105.0974602971065	40.135068772911055, -105.10528660167923		39.99400588916557, -105.10503123927835	39.99448958544542, -105.083687138605	40.17024288240726, -105.08841653511024


40.059855344879615, -105.27413281139187
40.0219131175349, -105.24726107145338
39.99036914223062, -105.10750365067017
39.99896189044793, -105.27097291869224
40.03366103045435, -105.25271593954942


40.15037419547715, -105.14321390904499
40.153111948047986, -104.93709612267794
40.154060140258935, -104.92763748388487
40.10525303480378, -104.93287618831218
40.30048568223783, -105.09045946868115
40.40329406367672, -104.97211386073302
40.58645499847644, -105.07415259933546


39.68638098170735, -105.08666613229435
39.026141855153455, -104.73378990241318
38.98405793779072, -104.75950192557778


40.38616061830122, -105.52130465777765
40.207188005349806, -105.52842198586676
40.207188005349806, -105.52842198586676
39.953266103561894, -105.52531995663047
39.90386569865095, -105.64636559499714
39.9378556925701, -105.58301156216487
39.87529076358336, -105.76093183641774
39.49788018492484, -106.13673956369927
40.22541584887414, -105.27192318544236
40.116394260429324, -105.314355110729
39.99994863743414, -105.28108813433566
39.92972841719351, -105.28992961504846
39.86821340265485, -105.41675894035903


40.01826949164744, -105.27942751445339
40.16752665200761, -105.10198753350333
39.99844824284074, -105.09070052058875
39.977805788112946, -105.1319412337667
40.58620948702046, -105.07676341834973
39.748084793223924, -104.9989002858893
39.755421166086755, -105.22122192373584